[gd_scene load_steps=11 format=3 uid="uid://c63u5svt23mrb"]

[ext_resource type="Script" uid="uid://dk5y6gvrgucks" path="res://scenes/rigs/mitten_controller.gd" id="1_t704r"]

[sub_resource type="BoxMesh" id="BoxMesh_7invf"]
size = Vector3(0.08, 0.025, 0.07)

[sub_resource type="BoxMesh" id="BoxMesh_t704r"]
size = Vector3(0.07, 0.015, 0.015)

[sub_resource type="BoxMesh" id="BoxMesh_q42d4"]
size = Vector3(0.07, 0.015, 0.05)

[sub_resource type="BoxMesh" id="BoxMesh_4r0ji"]
size = Vector3(0.06, 0.015, 0.015)

[sub_resource type="BoxMesh" id="BoxMesh_u78wo"]
size = Vector3(0.04, 0.015, 0.015)

[sub_resource type="BoxMesh" id="BoxMesh_1c5vy"]
size = Vector3(0.03, 0.015, 0.015)

[sub_resource type="BoxMesh" id="BoxMesh_bn3qk"]
size = Vector3(0.035, 0.015, 0.015)

[sub_resource type="BoxMesh" id="BoxMesh_mfyhf"]
size = Vector3(0.035, 0.015, 0.05)

[sub_resource type="CylinderMesh" id="CylinderMesh_psnxe"]
top_radius = 0.015
bottom_radius = 0.015
height = 0.2

[node name="mitten" type="Node3D"]
script = ExtResource("1_t704r")

[node name="ph_palm" type="MeshInstance3D" parent="."]
transform = Transform3D(1, 0, 0, 0, 1, 0, 0, 0, 1, 0.035, 0, -0.006)
mesh = SubResource("BoxMesh_7invf")

[node name="open" type="Node3D" parent="."]
transform = Transform3D(1, 0, 0, 0, 1, 0, 0, 0, 1, 0.035, 0, 0)

[node name="ph_index_finger_open" type="MeshInstance3D" parent="open"]
transform = Transform3D(0.980302, 0.182613, 0.0752408, -0.182078, 0.983185, -0.0139749, -0.0765276, 0, 0.997068, 0.0606472, -0.00422961, -0.0292399)
mesh = SubResource("BoxMesh_t704r")
skeleton = NodePath("../..")

[node name="ph_mitten_fingers_open" type="MeshInstance3D" parent="open"]
transform = Transform3D(0.953856, 0.250752, -0.165171, -0.247075, 0.968051, 0.0427838, 0.170622, 0, 0.985337, 0.0577685, -0.00496051, 0.00667933)
mesh = SubResource("BoxMesh_q42d4")
skeleton = NodePath("../..")

[node name="ph_thumb_open" type="MeshInstance3D" parent="open"]
transform = Transform3D(0.89257, 0.17279, 0.416488, -0.274515, 0.940995, 0.197916, -0.357715, -0.290986, 0.887337, 0.00370048, -0.00798948, -0.049037)
mesh = SubResource("BoxMesh_4r0ji")
skeleton = NodePath("../..")

[node name="grasping" type="Node3D" parent="."]
transform = Transform3D(1, 0, 0, 0, 1, 0, 0, 0, 1, 0.035, 0, 0)
visible = false

[node name="ph_thumb_grasp1" type="MeshInstance3D" parent="grasping"]
transform = Transform3D(0.298295, 0.460842, 0.835849, -0.741683, 0.663115, -0.100916, -0.600771, -0.589833, 0.539603, -0.00819418, -0.0185168, -0.0482528)
mesh = SubResource("BoxMesh_u78wo")

[node name="ph_thumb_grasp2" type="MeshInstance3D" parent="grasping"]
transform = Transform3D(0.986214, 0.115548, 0.118456, -0.164957, 0.743221, 0.648392, -0.0131186, -0.658993, 0.752035, 0.00726313, -0.0317451, -0.0577016)
mesh = SubResource("BoxMesh_1c5vy")

[node name="ph_index_finger_grasp1" type="MeshInstance3D" parent="grasping"]
transform = Transform3D(0.352185, 0.93593, 0, -0.93593, 0.352185, 0, 0, 0, 1, 0.0425601, -0.0113237, -0.0277172)
mesh = SubResource("BoxMesh_bn3qk")

[node name="ph_index_finger_grasp2" type="MeshInstance3D" parent="grasping"]
transform = Transform3D(-0.945643, 0.325205, 0, -0.325205, -0.945643, 0, 0, 0, 1, 0.0397172, -0.032639, -0.0277172)
mesh = SubResource("BoxMesh_bn3qk")

[node name="ph_mitten_grasp1" type="MeshInstance3D" parent="grasping"]
transform = Transform3D(0.446598, 0.891387, -0.0773335, -0.878316, 0.453244, 0.15209, 0.170622, 5.58268e-09, 0.985336, 0.0430298, -0.0125174, 0.00667933)
mesh = SubResource("BoxMesh_mfyhf")
skeleton = NodePath("")

[node name="ph_mitten_grasp2" type="MeshInstance3D" parent="grasping"]
transform = Transform3D(-0.896523, 0.415918, -0.152508, -0.442138, -0.861515, 0.249611, -0.0275705, 0.291212, 0.956261, 0.0346943, -0.0325801, 0.00779442)
mesh = SubResource("BoxMesh_mfyhf")
skeleton = NodePath("")

[node name="held_object_position" type="Node3D" parent="."]
transform = Transform3D(1, 0, 0, 0, 1, 0, 0, 0, 1, 0.06, -0.021, 0)
visible = false

[node name="ph_pole" type="MeshInstance3D" parent="held_object_position"]
transform = Transform3D(1, 0, 0, 0, 0.0342716, 0.999413, 0, -0.999413, 0.0342716, 0, 0, 0)
mesh = SubResource("CylinderMesh_psnxe")
skeleton = NodePath("../..")
